chebys
clones
clusters
0.57	398
0.5	|.. 65
0.64	|.. |.. 35
0.61	|.. 333
0.5	|.. |.. 71
0.39	|.. |.. |.. 42
0.51	|.. |.. |.. |.. 33
0.5	|.. |.. 262
0.62	|.. |.. |.. 257
0.5	|.. |.. |.. |.. 105
0.5	|.. |.. |.. |.. |.. 44
0.75	|.. |.. |.. |.. |.. 61
0.5	|.. |.. |.. |.. |.. |.. 43
0.64	|.. |.. |.. |.. 152
0.5	|.. |.. |.. |.. |.. 144
0.6	|.. |.. |.. |.. |.. |.. 115
0.75	|.. |.. |.. |.. |.. |.. |.. 91
1.0	|.. |.. |.. |.. |.. |.. |.. |.. 79
0.78	|.. |.. |.. |.. |.. |.. |.. |.. |.. 36
0.88	|.. |.. |.. |.. |.. |.. |.. |.. |.. 43
1.0	|.. |.. |.. |.. |.. |.. |.. |.. |.. |.. 31
clusters2
#
 0,                  mid,  0.00,  0.57,                ---  *-----              , -1.91,  3.02
 0,                   k1,  0.00,  0.37,              ------ *-----              , -2.47,  3.59
 0,                   k2,  0.00,  0.45,              ------ *-----              , -3.37,  2.90
 0,                   k3,  0.00,  0.77,               ----  * ----              , -2.78,  2.72
 0,                   k5,  0.00,  0.61,              -----  *----               , -3.75,  3.11
csvs
distances
diversities
0.5
guesses
[4, 90, 48, 78, 2, 1985, 21.5, 40]
[8, 350, 150, 74, 1, 4699, 14.5, 10]
exploit [4.2676502999692385, '?', '?', '?', 3, '?', '?', '?']
exploit [6.782405821612658, '?', '?', '?', 1, '?', '?', '?']
heavens
likings
[-15.59, -15.04, -14.9, -14.7, -14.63, -14.63, -14.49, -14.48, -14.43, -14.36, -14.31, -14.27, -14.23, -14.18, -14.18, -14.16, -14.15, -14.08, -14.04, -14.01, -13.97, -13.97, -13.91, -13.85, -13.78, -13.71, -13.7, -13.68, -13.64, -13.62, -13.61, -13.6, -13.6, -13.6, -13.59, -13.58, -13.58, -13.57, -13.54, -13.53, -13.49, -13.47, -13.46, -13.42, -13.38, -13.38, -13.36, -13.35, -13.32, -13.32, -13.31, -13.3, -13.24, -13.16, -13.16, -13.14, -13.14, -13.13, -13.13, -13.13, -13.09, -13.06, -13.04, -13.03, -13.03, -13.02, -13.02, -12.85, -12.83, -12.7, -12.7, -12.69, -12.67, -12.66, -12.59, -12.52, -12.52, -12.41, -12.37, -12.34, -12.26, -12.15, -11.97, -11.92, -11.86, -11.81, -11.78, -11.77, -11.72, -11.72, -11.71, -11.71, -11.6, -11.59, -11.57, -11.56, -11.56, -11.53, -11.46, -11.45]
nums
order
[4, 90, 48, 78, 2, 1985, 21.5, 40]
[4, 98, 79, 76, 1, 2255, 17.7, 30]
[4, 98, 68, 77, 3, 2045, 18.5, 30]
[4, 79, 67, 74, 2, 2000, 16, 30]
[4, 89, 71, 78, 2, 1990, 14.9, 30]
[4, 116, 75, 74, 2, 2246, 14, 30]
[8, 302, 140, 74, 1, 4141, 14, 20]
[6, 250, 105, 75, 1, 3459, 16, 20]
[4, 140, 90, 72, 1, 2408, 19.5, 20]
[3, 80, 110, 77, 3, 2720, 13.5, 20]
[4, 151, 85, 78, 1, 2855, 17.6, 20]
[6, 168, 132, 80, 3, 2910, 11.4, 30]
[8, 350, 165, 72, 1, 4274, 12, 10]
[8, 304, 150, 73, 1, 3672, 11.5, 10]
predicts
5 0.124
6 0.399
7 0.0
5 0.543
6 0.907
7 0.0
5 0.527
6 0.659
7 1.221
5 0.123
6 0.896
7 1.199
5 0.427
6 0.288
7 0.124
5 0.404
6 0.218
7 1.199
5 0.028
6 0.399
7 0.0
5 0.287
6 0.491
7 0.0
5 0.26
6 0.363
7 0.0
5 0.257
6 0.18
7 1.195
reads
syms
twoFar
89 309
67 331
163 235
55 343
153 245
142 256
69 329
67 331
73 325
171 227
169 229
79 319
65 333
153 245
153 245
156 242
73 325
75 323
160 238
78 320
62 336
79 319
162 236
77 321
70 328
79 319
159 239
168 230
166 232
166 232
170 228
172 226
159 239
79 319
177 221
79 319
152 246
119 279
166 232
79 319
170 228
169 229
160 238
61 337
167 231
67 331
170 228
143 255
167 231
65 333
61 337
150 248
70 328
167 231
159 239
67 331
70 328
69 329
168 230
143 255
148 250
70 328
70 328
154 244
57 341
160 238
79 319
67 331
129 269
169 229
170 228
174 224
167 231
170 228
70 328
67 331
79 319
61 337
166 232
157 241
65 333
148 250
79 319
73 325
56 342
75 323
166 232
71 327
70 328
76 322
160 238
77 321
167 231
131 267
170 228
79 319
167 231
79 319
55 343
67 331
